0 104
1 92
2 82
3 80
4 92
5 80
6 83
7 76
8 81
9 86
10 75
11 95
12 87
13 79
14 96
15 89
16 72
17 76
18 67
19 95
20 86
21 106
22 95
23 68
24 85
25 99
26 88
27 69
28 99
29 103
30 91
31 60
32 90
33 93
34 77
35 94
36 104
37 89
38 71
39 65
40 87
41 96
42 93
43 88
44 79
45 64
46 79
47 93
48 83
49 101
50 62
51 79
52 102
53 87
54 47
55 80
56 57
57 106
58 78
59 100
60 71
61 61
62 99
63 79
64 59
65 96
66 88
67 76
68 85
69 76
70 99
71 93
72 80
73 68
74 79
75 81
76 64
77 86
78 57
79 62
80 89
81 98
82 99
83 65
84 62
85 63
86 96
87 79
88 92
89 95
90 98
91 91
92 73
93 63
94 97
95 61
96 83
97 98
98 92
99 83
100 78
101 97
102 83
103 91
104 84
105 82
106 89
107 87
108 68
109 70
110 72
111 51
112 84
113 93
114 92
115 84
116 76
117 109
118 84
119 90
120 77
121 82
122 91
123 90
124 77
125 80
126 81
127 68
128 88
129 80
130 62
131 74
132 102
133 72
134 80
135 93
136 71
137 64
138 84
139 75
140 79
141 73
142 77
143 78
144 83
145 83
146 57
147 80
148 86
149 78
150 78
151 86
152 80
153 83
154 94
155 73
156 74
157 90
158 60
159 86
160 99
161 83
162 88
163 85
164 83
165 86
166 85
167 54
168 87
169 76
170 103
171 58
172 77
173 73
174 80
175 80
176 85
177 67
178 63
179 78
180 98
181 63
182 81
183 104
184 71
185 88
186 97
187 79
188 70
189 76
190 101
191 94
192 105
193 85
194 80
195 58
196 73
197 63
198 90
199 63
200 71
201 63
202 81
203 99
204 65
205 80
206 87
207 94
208 68
209 76
210 73
211 69
212 63
213 89
214 54
215 86
216 71
217 98
218 98
219 73
220 86
221 89
222 82
223 96
224 82
225 86
226 69
227 77
228 89
229 54
230 60
231 83
232 66
233 90
234 66
235 81
236 91
237 88
238 73
239 107
240 74
241 81
242 73
243 74
244 90
245 68
246 91
247 98
248 82
249 75
250 99
251 105
252 95
253 80
254 83
255 92
256 87
257 75
258 70
259 96
260 71
261 97
262 67
263 78
264 77
265 77
266 71
267 63
268 66
269 72
270 81
271 75
272 75
273 86
274 88
275 101
276 74
277 90
278 63
279 80
280 77
281 82
282 87
283 98
284 100
285 87
286 93
287 66
288 59
289 86
290 81
291 77
292 86
293 83
294 68
295 106
296 99
297 76
298 75
299 79
300 59
301 68
302 78
303 70
304 73
305 93
306 97
307 94
308 86
309 93
310 74
311 75
312 84
313 76
314 92
315 75
316 90
317 46
318 83
319 77
320 98
321 45
322 53
323 76
324 89
325 87
326 85
327 85
328 89
329 74
330 103
331 80
332 77
333 93
334 59
335 93
336 62
337 80
338 88
339 107
340 95
341 79
342 70
343 80
344 79
345 98
346 65
347 63
348 92
349 84
350 63
351 94
352 86
353 58
354 41
355 88
356 85
357 92
358 78
359 89
360 76
361 95
362 102
363 69
364 92
365 79
366 105
367 89
368 90
369 80
370 69
371 90
372 66
373 79
374 87
375 85
376 73
377 68
378 54
379 76
380 75
381 83
382 101
383 76
384 85
385 45
386 58
387 59
388 82
389 77
390 83
391 104
392 71
393 58
394 64
395 96
396 83
397 67
398 93
399 80
400 90
401 101
402 104
403 64
404 70
405 90
406 60
407 92
408 91
409 55
410 80
411 81
412 79
413 99
414 95
415 90
416 75
417 86
418 88
419 87
420 48
421 95
422 95
423 90
424 60
425 86
426 82
427 77
428 88
429 87
430 59
431 72
432 91
433 48
434 91
435 78
436 79
437 96
438 58
439 50
440 96
441 91
442 85
443 104
444 90
445 96
446 74
447 86
448 68
449 83
450 78
451 88
452 60
453 99
454 59
455 67
456 88
457 102
458 94
459 73
460 77
461 75
462 83
463 72
464 109
465 64
466 100
467 87
468 84
469 86
470 63
471 73
472 71
473 87
474 72
475 68
476 92
477 86
478 82
479 77
480 60
481 61
482 89
483 82
484 74
485 103
486 87
487 79
488 93
489 92
490 53
491 102
492 89
493 82
494 90
495 103
496 83
497 100
498 66
499 97
500 66
501 75
502 69
503 59
504 84
505 68
506 65
507 89
508 65
509 94
510 60
511 87
512 96
513 91
514 86
515 58
516 62
517 95
518 101
519 84
520 69
521 94
522 81
523 72
524 85
525 81
526 92
527 81
528 57
529 67
530 84
531 100
532 82
533 75
534 95
535 87
536 87
537 56
538 76
539 73
540 80
541 89
542 63
543 67
544 87
545 81
546 67
547 108
548 75
549 74
550 101
551 78
552 69
553 88
554 73
555 91
556 78
557 67
558 78
559 72
560 65
561 93
562 92
563 98
564 98
565 64
566 65
567 94
568 61
569 87
570 93
571 96
572 96
573 107
574 98
575 63
576 104
577 69
578 66
579 95
580 71
581 82
582 81
583 96
584 79
585 88
586 85
587 62
588 103
589 93
590 99
591 95
592 100
593 87
594 89
595 86
596 86
597 85
598 97
599 97
600 50
601 93
602 87
603 90
604 97
605 69
606 66
607 81
608 83
609 98
610 77
611 80
612 97
613 104
614 75
615 96
616 81
617 80
618 95
619 107
620 101
621 95
622 98
623 83
624 82
625 84
626 66
627 66
628 102
629 96
630 67
631 62
632 80
633 70
634 61
635 94
636 100
637 95
638 78
639 87
640 59
641 77
642 76
643 73
644 95
645 90
646 87
647 101
648 98
649 76
650 84
651 81
652 73
653 90
654 78
655 104
656 67
657 53
658 85
659 72
660 86
661 59
662 81
663 92
664 77
665 63
666 74
667 64
668 90
669 96
670 85
671 54
672 78
673 64
674 78
675 88
676 85
677 70
678 85
679 93
680 69
681 73
682 82
683 88
684 102
685 77
686 76
687 62
688 96
689 58
690 54
691 64
692 57
693 77
694 54
695 67
696 89
697 96
698 72
699 106
700 72
701 89
702 71
703 72
704 102
705 92
706 88
707 94
708 78
709 85
710 81
711 72
712 68
713 79
714 80
715 81
716 84
717 97
718 57
719 74
720 65
721 68
722 74
723 64
724 67
725 87
726 109
727 65
728 90
729 70
730 103
731 98
732 105
733 76
734 54
735 52
736 85
737 106
738 76
739 79
740 94
741 95
742 92
743 76
744 84
745 91
746 91
747 79
748 98
749 100
750 74
751 91
752 105
753 79
754 103
755 84
756 85
757 78
758 53
759 76
760 101
761 99
762 72
763 104
764 106
765 91
766 79
767 52
768 80
769 71
770 72
771 76
772 81
773 79
774 73
775 95
776 80
777 95
778 76
779 73
780 97
781 84
782 76
783 102
784 94
785 79
786 79
787 76
788 69
789 61
790 83
791 54
792 85
793 81
794 81
795 79
796 83
797 92
798 105
799 87
800 95
801 74
802 99
803 98
804 79
805 104
806 91
807 65
808 74
809 41
810 85
811 83
812 88
813 69
814 68
815 57
816 74
817 82
818 85
819 76
820 60
821 64
822 80
823 93
824 89
825 102
826 82
827 70
828 106
829 104
830 76
831 79
832 94
833 85
834 80
835 99
836 93
837 61
838 51
839 81
840 75
841 38
842 83
843 45
844 106
845 79
846 70
847 85
848 80
849 85
850 64
851 78
852 104
853 76
854 83
855 68
856 77
857 64
858 102
859 84
860 69
861 84
862 86
863 70
864 61
865 95
866 76
867 73
868 82
869 57
870 67
871 90
872 85
873 63
874 93
875 76
876 97
877 78
878 75
879 77
880 50
881 79
882 88
883 102
884 101
885 94
886 71
887 76
888 76
889 83
890 77
891 107
892 65
893 89
894 87
895 75
896 61
897 91
898 94
899 81
900 79
901 90
902 54
903 93
904 71
905 102
906 77
907 84
908 98
909 99
910 66
911 93
912 75
913 57
914 59
915 74
916 66
917 84
918 85
919 58
920 84
921 83
922 60
923 96
924 95
925 73
926 86
927 91
928 84
929 100
930 68
931 79
932 91
933 69
934 76
935 62
936 74
937 105
938 99
939 90
940 63
941 94
942 84
943 75
944 83
945 86
946 85
947 63
948 89
949 86
950 104
951 74
952 55
953 62
954 87
955 91
956 79
957 77
958 85
959 103
960 69
961 95
962 98
963 103
964 57
965 86
966 81
967 89
968 76
969 69
970 92
971 95
972 83
973 75
974 60
975 63
976 76
977 78
978 93
979 63
980 83
981 85
982 89
983 94
984 59
985 89
986 52
987 96
988 81
989 88
990 92
991 84
992 63
993 52
994 68
995 100
996 84
997 86
998 85
999 56
